    connections: 
         1560 1561 1562 1563 1582
         1561 1560
         1562 1560
         1563 1560 1564
         1564 1563 1565
         1565 1564 1566 1567     
         1566 1565 1571          
         1567 1565 1568 1569     
         1568 1567               
         1569 1567 1570 1571     
         1570 1569 1604          
         1571 1566 1569 1572     
         1572 1571 1573 1581     
         1573 1572 1574          
         1574 1573 1575          
         1575 1574 1576 1581     
         1576 1575 1577 1578     
         1577 1576               
         1578 1576 1579          
         1579 1578 1580          
         1580 1579 1581          
         1581 1572 1575 1580     
         1582 1560 1583          
         1583 1582 1584 1585 1586
         1584 1583               
         1585 1583               
         1586 1583 1587          
         1587 1586 1588          
         1588 1587 1589 1590     
         1589 1588 1594          
         1590 1588 1591 1592     
         1591 1590               
         1592 1590 1593 1594     
         1593 1592               
         1594 1589 1592 1595     
         1595 1594 1596 1603     
         1596 1595 1597          
         1597 1596 1598 1601     
         1598 1597 1599 1600     
         1599 1598               
         1600 1598               
         1601 1597 1602          
         1602 1601 1603          
         1603 1595 1602          
         1604 1570 1605 1606 1607
         1605 1604               
         1606 1604               
         1607 1604
